0 0
0 0
0 0
1 2
4 21
0 0
5 20
22 49
0 1
0 1
5 20
13 47
0 0
0 3
15 46
9 30
6 21
3 3
0 0
8 20
10 19
0 1
0 0
11 26
3 7
17 44
19 70
0 3
18 35
13 33
5 12
10 27
0 1
16 32
4 12
6 13
13 51
22 66
20 67
0 0
3 6
19 46
14 25
20 40
0 0
0 0
1 4
0 0
1 7
18 44
0 1
4 16
18 47
1 2
0 0
6 10
1 3
15 53
10 34
0 0
5 12
0 0
1 1
0 0
9 24
2 21
20 49
20 51
0 0
31 74
0 0
12 27
4 13
8 21
3 6
10 24
14 27
8 23
1 7
0 0
0 0
3 15
3 16
0 2
0 0
0 0
3 14
1 5
1 9
5 8
0 1
1 7
0 1
3 19
0 2
37 88
0 0
2 3
11 19
0 0
16 38
11 26
1 3
13 42
17 43
1 3
21 53
2 7
9 25
51 115
0 0
5 16
0 0
10 27
7 14
0 0
20 44
0 0
2 5
6 16
0 2
30 85
17 49
3 22
0 0
4 8
6 12
7 20
0 1
0 0
0 0
14 31
17 46
4 10
1 3
13 22
11 22
3 8
0 0
0 0
0 0
0 0
0 0
0 0
0 0
2 6
5 20
3 20
16 34
0 0
13 39
17 45
0 1
2 6
0 0
0 0
10 27
3 4
10 27
6 14
10 26
21 42
0 1
1 2
15 37
0 1
0 0
3 15
10 31
21 49
21 61
24 62
11 34
2 14
13 31
1 5
15 28
0 1
15 50
1 2
5 13
0 0
15 37
1 1
0 2
18 44
8 29
0 0
0 0
0 1
1 19
0 0
34 54
13 39
0 1
17 42
0 0
0 0
0 0
0 1
15 41
4 11
0 0
9 27
34 99
7 13
7 21
0 1
5 19
12 24
15 47
0 0
5 16
16 35
4 14
3 13
1 2
2 7
16 42
0 1
7 23
0 1
8 22
4 20
15 32
26 56
15 30
0 0
0 3
0 3
11 41
4 22
15 38
0 0
0 0
24 69
1 3
0 0
6 16
10 41
3 7
10 27
1 7
4 7
10 22
0 0
3 10
0 0
10 30
3 10
0 0
4 16
0 5
3 8
0 0
12 27
4 9
0 1
3 15
2 4
6 23
0 4
1 4
16 37
38 91
12 22
0 0
4 9
0 0
0 0
11 23
0 0
2 2
7 19
2 3
3 9
40 97
4 6
0 0
12 35
1 1
2 6
28 66
10 30
3 4
0 0
0 0
12 25
1 1
0 6
2 5
0 0
12 34
0 0
7 16
2 4
0 3
0 0
9 26
0 4
6 16
4 11
2 6
0 0
22 47
0 3
7 17
1 2
17 46
1 2
0 0
0 0
0 1
1 6
11 28
2 9
6 12
2 5
0 0
25 56
3 9
22 51
12 29
9 25
32 87
0 1
12 19
3 9
4 16
0 1
1 11
9 26
17 31
8 22
10 39
24 61
17 41
8 34
1 7
8 21
4 13
7 19
10 23
4 9
0 1
3 14
1 2
11 35
0 6
4 9
3 4
14 35
9 20
0 0
5 14
0 9
0 0
3 11
2 3
8 25
17 48
3 6
24 58
0 0
6 23
0 0
1 6
0 0
2 2
12 33
4 11
0 8
0 0
0 4
0 2
0 0
0 0
4 17
2 11
0 0
0 0
14 33
9 24
4 13
6 24
0 1
19 41
10 20
8 23
11 35
0 0
11 25
11 35
12 29
0 0
3 10
0 0
12 36
0 0
15 37
28 72
1 11
0 0
1 7
4 16
2 13
3 15
19 48
32 62
5 22
23 56
9 24
2 3
0 0
0 8
2 6
12 29
3 14
0 0
3 20
12 30
8 27
0 0
0 2
14 43
0 0
0 0
12 30
0 3
0 1
0 2
2 7
0 1
0 4
0 0
7 16
0 1
6 13
22 54
6 13
10 32
0 1
7 13
1 2
4 8
0 0
0 0
0 1
7 18
0 0
2 4
5 12
5 7
8 18
27 63
1 6
0 0
4 32
5 6
14 37
29 73
0 0
3 10
7 17
27 60
5 10
2 5
16 38
15 36
14 41
6 19
0 1
8 24
4 8
0 4
2 4
0 1
6 25
18 53
4 12
0 0
0 0
13 46
6 16
1 9
7 26
7 19
0 0
3 5
0 4
4 11
0 0
1 4
1 3
10 24
0 0
12 24
2 5
10 46
0 3
0 0
