0 0
0 1
0 0
1 1
8 16
0 1
6 24
6 17
0 1
0 0
7 19
3 23
0 0
0 1
13 33
8 28
11 26
0 3
0 0
15 40
6 26
0 0
0 0
6 19
7 15
14 41
27 64
1 4
4 12
12 26
8 27
11 29
0 0
10 28
5 19
1 9
16 39
9 41
24 62
0 1
1 3
19 64
11 27
17 38
0 0
0 1
1 4
0 0
2 10
20 56
0 1
6 19
16 36
0 3
0 0
0 4
1 3
12 30
16 32
0 0
2 3
0 0
1 3
0 0
12 25
7 18
33 87
13 50
0 0
17 36
0 0
9 20
1 7
7 14
2 6
15 32
7 20
10 18
1 10
0 1
0 0
12 27
7 21
0 4
0 0
0 0
5 15
0 2
0 3
4 11
1 2
1 4
0 1
3 20
1 4
23 64
0 0
2 5
8 21
0 0
28 64
8 25
1 3
10 35
15 48
6 8
14 39
2 10
15 36
64 136
0 0
2 21
0 0
7 20
2 11
0 0
15 39
0 0
3 14
2 6
0 3
16 46
21 67
12 35
0 0
2 10
4 13
10 31
0 4
1 1
0 0
16 40
18 60
3 7
2 6
18 44
4 14
7 16
0 0
0 0
0 0
0 0
0 0
0 1
0 0
0 2
10 21
0 2
14 29
0 0
8 20
8 37
0 1
0 5
0 0
0 0
4 19
3 7
12 27
1 10
16 39
23 57
0 1
0 3
10 31
0 2
0 0
4 14
11 24
22 74
19 63
19 46
19 47
0 5
7 20
1 6
9 25
0 1
11 30
0 4
5 13
0 0
18 34
0 3
2 8
33 80
20 48
1 3
0 0
0 0
5 14
0 0
26 59
16 30
0 0
8 25
0 0
0 0
0 0
4 9
14 41
3 10
0 0
21 52
29 79
5 17
7 26
1 2
15 35
17 36
15 27
0 1
3 10
12 26
4 15
9 29
0 1
0 7
25 68
0 4
11 20
0 0
8 26
4 18
25 51
13 39
22 62
0 0
0 6
0 1
8 30
11 19
4 21
0 0
0 3
17 49
1 2
0 0
5 15
15 37
4 11
7 21
2 8
4 10
13 30
0 0
2 7
1 1
2 8
1 7
0 0
6 16
2 4
8 14
0 0
8 17
6 14
0 0
3 15
2 4
9 24
0 2
0 4
11 27
24 44
11 21
0 0
3 9
0 0
0 0
7 30
0 1
0 0
11 35
1 2
3 9
37 100
3 6
1 2
9 23
0 1
1 1
19 56
14 41
0 5
0 0
0 0
11 39
0 0
1 5
0 3
0 0
8 24
0 0
4 14
0 0
0 2
0 1
5 17
2 3
11 22
8 19
2 2
0 0
20 41
1 2
5 13
1 1
3 9
1 3
4 7
1 3
3 3
1 6
6 23
0 0
5 15
0 0
0 0
16 31
2 6
18 48
7 20
7 21
26 65
0 0
8 18
0 3
3 15
1 2
5 17
11 24
13 39
12 26
7 17
13 38
6 23
12 31
4 7
7 17
3 8
9 19
6 27
2 4
0 0
3 11
1 1
15 27
1 1
3 13
2 5
11 28
5 20
0 2
3 10
6 17
0 0
4 20
0 2
4 22
19 61
2 7
19 51
0 0
9 43
0 0
4 10
0 0
1 6
10 24
6 15
7 18
0 4
0 2
0 1
0 0
0 0
2 16
5 15
0 0
0 0
5 24
5 12
6 11
4 21
1 2
15 45
6 13
10 23
14 34
0 1
18 39
4 27
16 44
0 2
5 13
0 0
6 17
0 0
5 15
30 73
3 8
0 0
3 8
2 6
4 8
5 10
19 56
25 68
3 12
13 31
6 24
0 0
0 0
1 6
3 7
7 23
1 7
0 0
21 36
16 34
13 33
0 0
0 1
18 38
0 0
0 0
6 21
3 7
0 1
0 1
5 7
1 1
0 4
0 2
11 21
3 7
4 14
22 56
6 16
10 15
0 4
6 14
0 4
2 7
0 0
0 0
0 1
4 13
0 0
1 5
3 8
3 7
3 6
21 50
0 2
0 0
18 36
1 4
10 29
30 84
0 1
7 19
5 23
4 18
1 13
2 7
14 30
11 40
17 52
1 12
0 2
0 6
3 4
1 5
3 3
0 0
7 25
21 58
5 15
0 0
0 0
13 33
3 11
2 7
5 14
4 13
0 0
1 4
1 4
2 10
0 0
1 2
3 6
10 21
1 1
7 17
0 3
19 42
0 5
0 0
