0 0
0 1
0 0
0 1
7 18
0 0
5 17
4 10
0 0
0 0
9 20
15 43
0 0
0 0
5 10
6 13
4 11
1 7
0 0
7 19
5 7
4 15
0 0
9 19
4 18
13 31
10 23
2 8
3 6
5 25
0 13
10 28
0 0
6 12
2 15
4 10
5 16
17 44
21 54
0 0
2 2
18 44
1 9
1 16
0 0
0 1
0 3
0 0
3 13
11 25
0 0
4 11
9 25
1 1
0 0
4 8
0 1
16 44
12 24
0 0
1 4
0 0
0 0
0 0
1 13
12 25
17 40
4 22
0 1
12 33
0 0
2 7
1 4
2 14
3 8
5 19
8 19
7 22
0 1
0 2
0 0
2 3
5 11
1 1
0 0
0 1
4 9
2 7
0 5
4 6
0 1
3 6
1 2
5 16
3 6
17 49
0 0
1 4
15 41
0 0
10 27
11 19
2 3
12 30
7 21
0 1
11 33
1 5
9 17
28 72
0 0
2 11
0 0
6 12
3 9
0 0
9 32
0 0
1 5
6 8
1 1
17 59
3 15
3 15
0 0
3 10
0 1
6 19
0 2
0 0
0 0
14 34
8 27
2 5
0 3
14 35
11 32
1 3
0 0
0 0
0 0
0 0
0 0
0 0
0 1
1 1
3 8
0 0
10 29
0 0
13 32
17 47
0 0
2 3
0 0
0 0
12 22
2 6
7 18
10 29
7 22
10 29
0 1
0 0
12 29
1 1
0 0
4 14
6 16
12 36
20 56
17 45
7 17
6 20
11 21
0 1
4 9
0 1
8 23
0 4
1 8
0 0
7 22
0 0
0 1
16 44
19 41
0 0
0 0
0 1
0 4
0 0
15 38
8 21
0 0
4 7
0 0
0 0
0 0
0 2
14 29
2 9
0 2
7 30
27 71
4 12
3 11
0 1
2 17
5 22
9 21
1 2
3 5
13 41
2 5
1 5
2 4
1 5
9 25
0 2
3 11
0 0
13 29
2 5
6 19
26 55
19 40
0 0
1 1
1 2
6 12
3 10
6 13
0 0
0 0
26 66
0 0
0 0
7 15
5 20
0 5
4 15
3 8
0 4
20 53
0 0
8 17
0 0
2 10
0 0
0 0
1 8
0 2
4 14
0 0
7 21
10 21
2 3
2 4
0 2
3 10
1 7
0 1
9 25
18 55
5 13
0 0
2 2
0 0
0 1
6 17
0 0
0 4
13 40
0 2
1 5
34 86
1 3
0 1
11 31
1 1
0 1
14 37
7 13
0 3
0 0
0 1
5 15
0 1
0 0
0 1
0 3
6 18
0 1
1 7
0 0
0 1
0 0
5 9
3 12
3 12
3 16
0 1
0 0
10 32
1 3
0 5
0 3
12 36
0 0
0 6
0 0
0 0
2 5
1 9
3 9
2 6
1 2
1 3
16 49
2 3
14 42
4 12
2 14
25 56
0 2
8 20
0 2
5 21
1 4
3 9
9 14
7 13
2 4
2 12
17 48
14 41
9 26
1 3
4 9
2 6
2 6
4 14
0 2
0 1
5 13
2 4
8 28
2 4
1 2
0 2
6 11
2 8
0 1
0 2
0 4
0 0
1 6
0 0
6 19
12 27
0 1
7 35
0 1
8 23
0 0
3 10
0 1
0 3
14 35
6 10
1 8
2 5
0 0
0 0
0 0
0 0
1 10
1 5
0 0
0 0
8 19
3 9
10 16
20 50
0 4
7 15
2 10
5 21
15 40
1 2
10 34
5 24
6 20
0 0
14 35
0 0
6 26
0 0
2 6
21 46
2 5
0 0
0 1
4 9
1 3
4 10
16 42
6 17
2 7
19 54
9 26
0 0
0 0
6 17
0 1
6 22
2 4
0 0
10 26
6 29
6 29
1 1
0 0
13 31
0 0
0 0
3 22
0 2
0 0
0 1
2 3
0 0
1 3
1 2
1 9
1 1
1 6
16 40
1 2
1 11
0 2
3 14
0 0
1 6
0 0
0 1
0 0
2 3
0 0
0 3
0 1
0 2
6 14
17 33
1 4
0 0
9 25
0 7
13 31
30 75
0 0
3 5
2 14
45 109
1 3
2 4
9 32
5 10
6 12
2 11
0 1
12 34
1 3
2 3
1 1
0 0
3 16
11 40
3 10
0 1
0 0
14 29
1 6
0 2
6 14
1 3
0 0
1 6
2 4
1 2
0 0
0 0
4 10
5 19
0 2
3 14
0 1
27 69
3 7
0 1
