7 23
0 2
14 31
52 121
6 20
0 0
7 17
7 17
18 35
0 0
26 57
20 72
0 1
1 3
9 25
15 66
6 18
3 5
0 0
2 7
7 19
28 57
0 1
19 46
32 83
15 44
5 19
4 8
8 20
28 60
29 81
14 48
0 3
0 4
5 16
13 25
8 40
51 101
27 63
0 3
2 7
3 7
5 10
3 15
0 2
21 47
3 8
6 20
10 22
17 41
0 3
3 10
25 60
0 1
0 1
5 5
2 6
41 80
9 25
1 1
0 4
3 7
0 0
0 0
21 40
9 24
25 51
26 63
14 30
44 121
1 3
5 14
4 9
21 44
10 17
8 15
9 17
4 18
23 71
1 5
0 0
2 8
7 16
0 0
19 52
0 1
1 5
28 45
9 32
4 15
3 4
2 6
0 0
2 6
26 61
48 94
0 0
3 6
21 61
0 0
34 67
2 4
2 2
7 16
2 11
0 6
4 10
5 17
13 21
46 81
0 0
50 82
1 4
5 8
35 77
0 0
2 22
0 0
22 58
6 12
0 2
67 132
14 40
8 13
0 0
2 14
5 18
17 32
43 98
0 0
0 0
30 66
16 45
0 3
0 1
2 4
46 92
8 19
5 15
0 0
0 2
12 19
0 0
0 0
1 3
3 7
1 6
3 6
7 17
0 0
23 41
52 115
0 3
9 27
0 0
8 14
4 9
5 9
36 82
8 19
21 44
16 41
1 1
2 12
32 66
0 0
6 29
8 13
12 33
13 28
6 25
25 72
5 13
8 22
8 14
2 9
11 24
1 2
11 30
1 5
22 50
0 0
22 44
1 3
4 11
10 28
26 47
0 0
0 1
28 54
4 15
0 0
12 23
47 97
1 5
8 12
5 13
0 0
4 7
3 12
41 89
0 1
6 14
22 53
9 41
8 17
2 7
0 2
10 34
18 43
2 5
49 76
5 19
25 47
4 23
1 5
8 17
0 1
24 62
0 3
22 35
2 5
26 65
2 4
13 24
32 78
44 74
0 0
1 3
0 2
12 37
13 23
13 35
0 0
2 5
28 60
1 3
0 0
1 6
7 11
4 13
19 56
0 3
1 4
88 154
2 4
5 9
1 3
26 52
1 3
5 7
13 34
1 3
12 24
17 39
13 27
0 5
2 2
1 8
2 8
0 10
1 1
0 0
9 28
22 47
9 17
0 0
3 8
0 0
0 0
7 11
1 4
8 14
57 106
0 0
5 18
11 27
2 4
3 8
16 37
29 54
1 3
18 32
3 8
2 2
0 0
3 5
5 13
0 3
4 13
0 0
6 12
15 26
0 1
3 8
1 2
1 3
0 2
2 5
1 1
2 3
24 49
0 0
0 0
15 30
23 40
5 14
2 6
8 17
0 0
17 46
2 4
0 1
11 25
2 4
1 2
8 22
0 1
2 7
30 54
0 1
5 12
12 27
30 55
39 91
0 0
5 13
16 25
33 78
0 0
2 8
17 43
10 34
1 1
24 64
33 64
6 10
0 5
5 13
7 18
1 4
25 41
9 19
1 4
5 14
15 24
1 3
17 37
9 20
6 13
1 3
2 11
4 7
3 5
0 5
1 12
2 4
5 23
1 3
12 34
7 12
0 0
8 42
3 7
27 73
0 0
15 42
0 0
0 0
31 55
4 10
39 100
0 3
1 1
11 33
16 35
0 0
1 10
5 8
0 0
0 0
9 18
8 20
16 40
19 44
0 4
12 39
7 16
10 21
30 71
0 0
41 91
11 42
2 5
3 8
27 56
0 1
12 29
0 0
4 18
5 8
0 7
4 8
14 22
17 23
0 5
22 44
22 50
26 49
17 38
23 48
36 95
0 0
2 5
8 11
7 19
18 55
1 2
0 0
64 142
4 9
46 104
0 1
29 69
3 14
0 0
0 0
13 24
10 24
0 1
1 1
1 6
0 1
3 10
8 18
0 0
1 6
15 32
39 96
10 42
11 23
0 2
16 29
0 0
0 3
0 0
29 57
1 3
3 7
0 0
20 36
5 8
7 13
11 31
17 41
1 5
0 0
15 23
40 71
17 43
21 52
4 14
7 14
2 8
66 136
1 2
8 15
9 32
9 25
12 29
6 22
5 8
15 36
2 8
0 3
0 1
0 1
24 59
17 46
3 13
25 48
0 0
37 70
7 15
8 17
29 65
15 40
7 10
28 57
2 4
2 5
0 3
0 1
10 41
14 40
0 2
12 43
36 67
55 129
8 20
11 26
