0 0
0 0
0 0
0 1
2 7
0 0
5 14
9 15
1 2
0 0
11 23
1 2
0 0
1 2
7 14
1 5
9 21
1 3
0 0
5 13
2 10
0 0
0 0
4 16
12 24
3 14
14 29
0 0
9 19
9 16
9 21
6 11
0 1
17 32
1 4
15 21
6 22
7 17
21 44
0 1
1 5
5 12
5 11
11 23
0 0
2 9
0 0
0 0
1 2
7 14
0 0
4 4
8 26
0 0
0 0
0 8
5 11
4 7
1 4
0 0
5 12
0 0
1 1
0 0
15 28
9 19
4 10
7 15
2 9
4 9
0 0
9 24
4 8
5 10
1 1
8 24
5 13
6 15
1 2
0 2
0 0
10 26
5 6
0 0
0 0
0 0
1 7
2 3
1 3
1 11
0 0
0 0
0 0
8 16
4 12
14 38
0 0
3 4
2 4
0 0
5 7
1 5
1 3
2 3
1 7
1 4
5 25
2 3
6 11
3 16
0 0
4 5
0 0
5 13
2 8
0 0
8 15
0 0
2 10
2 3
0 0
2 2
5 13
6 14
0 0
0 3
3 5
3 5
0 0
0 0
0 0
1 3
7 22
1 6
2 4
6 21
1 1
5 6
0 0
0 0
0 0
0 1
0 0
0 2
0 1
0 0
9 20
1 1
14 23
0 1
2 7
3 8
0 0
0 2
0 0
0 0
1 3
6 7
3 11
1 2
3 8
7 12
1 2
2 2
4 7
0 1
0 0
2 3
2 6
3 6
5 11
3 19
12 38
0 3
6 13
1 2
8 19
1 5
3 18
2 4
2 8
0 0
13 25
0 2
0 0
7 15
1 2
1 2
0 0
0 1
9 23
0 0
11 15
3 8
0 0
4 21
0 0
0 0
0 0
0 3
5 11
3 6
1 1
3 9
12 26
4 8
6 19
0 0
4 11
6 15
14 36
0 0
1 4
2 5
0 4
6 18
0 1
0 2
3 9
2 2
5 12
1 1
0 0
7 19
9 16
4 16
3 4
0 0
2 6
1 2
7 18
2 7
5 11
0 0
0 1
4 8
3 5
0 0
1 2
11 33
5 14
2 9
4 6
3 7
1 1
0 0
3 4
0 0
1 12
6 17
0 0
5 8
0 0
2 4
0 0
10 21
4 13
0 1
7 15
3 10
3 11
0 0
1 2
7 25
14 24
0 1
0 0
3 14
0 0
0 0
7 19
0 0
1 5
7 11
0 0
3 6
1 4
0 0
1 2
5 17
2 7
0 1
6 13
9 25
0 2
0 0
0 0
5 12
0 0
1 1
0 0
0 0
9 14
0 0
0 6
0 5
1 1
1 2
9 22
3 4
5 16
0 6
1 2
0 0
5 8
1 2
9 17
0 2
9 24
1 4
1 3
2 2
0 1
2 5
7 14
0 1
4 5
1 1
0 0
4 12
1 1
9 19
5 9
1 7
9 23
1 2
3 4
2 5
0 2
0 1
2 9
2 11
11 16
7 10
4 10
7 14
9 18
5 15
4 7
3 11
1 7
1 5
7 17
1 1
0 0
2 4
1 1
5 18
0 0
0 10
1 2
8 19
12 22
0 0
1 3
3 8
0 0
3 10
4 7
4 7
5 27
3 7
7 17
0 0
13 34
0 0
2 4
0 0
4 11
3 8
0 2
2 4
0 1
0 0
0 1
0 0
0 0
2 7
3 5
0 0
0 0
6 16
8 17
6 10
5 7
0 0
14 30
5 8
4 7
1 4
0 0
7 16
7 13
3 8
0 0
5 14
0 0
4 9
0 0
4 10
9 29
0 0
0 0
5 19
2 4
0 0
1 2
4 14
16 30
1 9
4 6
4 4
0 0
0 3
4 5
3 4
3 11
4 8
0 0
4 10
4 14
2 12
0 0
0 1
7 12
0 0
0 0
5 11
1 4
0 0
0 0
3 5
0 0
1 2
0 0
4 10
1 3
3 13
4 8
1 4
10 33
0 0
4 9
0 0
3 5
0 0
0 0
1 2
2 14
0 0
4 7
1 9
1 3
0 3
12 21
13 33
0 0
5 12
0 1
3 10
3 15
1 1
6 17
2 9
1 1
3 6
0 1
0 2
5 11
0 2
0 2
0 3
4 7
2 4
0 0
2 3
0 0
4 6
7 18
2 4
0 0
0 0
10 28
9 12
6 10
8 17
5 12
0 0
1 1
2 4
1 10
0 0
1 1
0 2
3 7
0 0
2 8
3 10
4 6
0 0
0 0
