0 0
0 0
0 0
4 14
6 11
0 0
1 6
0 1
0 0
0 0
3 8
0 3
0 0
0 0
8 18
2 7
0 0
0 0
0 0
0 0
2 5
0 2
0 0
4 7
1 2
2 5
4 9
0 0
3 5
0 0
6 10
1 4
0 0
1 4
0 0
0 1
1 7
12 27
0 4
1 1
0 0
0 0
0 1
0 1
0 0
1 2
0 0
0 0
0 0
4 8
0 0
0 1
0 1
0 0
0 0
3 6
0 0
9 22
0 2
0 0
1 3
0 0
0 0
0 0
1 4
0 2
10 18
8 10
0 0
6 15
0 0
0 1
1 2
5 7
0 1
3 8
3 8
1 7
4 12
0 0
0 0
1 6
0 1
0 0
0 0
0 0
0 1
2 3
0 6
1 2
1 1
0 0
0 0
0 0
1 1
0 1
0 0
0 0
5 7
0 0
0 2
0 3
1 2
0 0
0 0
0 0
1 1
0 0
5 13
9 15
0 0
6 13
0 0
0 1
12 16
0 0
1 4
0 0
9 13
0 0
0 0
2 3
0 0
2 7
0 1
0 0
0 1
1 5
0 0
0 0
0 0
8 19
8 19
0 0
0 0
2 2
5 9
1 1
1 1
0 0
0 0
0 0
0 0
0 0
0 0
0 1
0 1
1 2
11 15
0 0
0 2
4 10
0 0
2 7
0 0
0 0
1 4
0 1
1 3
1 1
4 7
3 7
0 0
0 0
1 5
0 0
0 1
0 0
2 7
0 0
2 11
6 18
0 2
0 1
0 0
0 0
0 1
1 1
0 2
0 0
3 9
0 0
3 6
0 0
0 0
4 14
0 0
0 0
0 0
1 2
0 0
0 0
1 5
2 13
1 1
0 2
0 0
0 0
0 0
0 0
2 12
0 0
0 0
5 10
1 5
1 2
1 1
0 0
0 0
4 7
1 1
1 3
2 4
1 5
0 0
0 1
0 0
1 1
1 4
0 0
2 4
0 0
7 8
1 1
0 0
9 25
12 21
0 0
0 0
1 1
1 3
0 1
2 7
0 0
0 0
6 12
0 0
0 0
1 1
0 2
0 1
0 2
0 0
0 0
8 13
0 0
1 3
0 0
3 4
0 0
0 0
2 5
0 0
0 1
1 2
2 5
1 1
0 0
0 1
0 0
3 4
0 0
0 0
4 6
5 13
1 1
0 0
0 1
0 0
0 1
0 0
0 0
0 0
13 22
0 0
0 1
4 10
0 0
0 1
0 1
0 0
0 0
1 5
2 2
0 0
0 0
1 1
1 5
0 0
0 2
0 0
0 0
0 0
0 0
1 2
1 1
0 0
0 0
0 0
2 2
1 2
5 11
1 1
0 0
5 7
1 2
0 0
0 0
0 0
0 0
0 0
0 0
0 0
0 0
0 3
0 0
0 1
0 0
0 0
10 22
0 0
4 6
0 0
2 4
10 16
0 0
1 1
1 3
0 0
0 0
1 3
0 5
0 5
0 0
2 3
8 22
1 1
0 0
0 0
0 2
0 0
1 1
1 1
0 0
0 0
0 2
0 0
1 3
0 1
0 0
1 2
0 1
0 0
0 0
1 2
0 2
0 1
0 0
0 1
4 11
0 0
0 0
0 1
0 0
0 3
0 0
2 4
0 0
0 0
20 33
1 1
2 2
0 0
0 0
1 1
0 0
0 0
1 1
1 1
0 0
0 0
1 3
2 2
3 6
2 2
0 0
2 3
2 4
2 3
0 6
0 0
11 20
1 3
5 10
1 1
0 0
0 0
1 1
0 0
0 0
0 1
1 1
0 0
1 1
0 0
0 0
1 4
11 29
3 7
2 4
6 19
0 0
0 0
0 0
0 0
0 0
2 7
0 1
0 0
4 10
0 2
5 9
0 0
0 0
3 8
0 0
0 0
4 5
2 4
0 0
0 1
0 0
0 0
0 1
0 0
0 0
0 0
1 2
7 13
2 4
1 2
0 0
1 3
0 0
0 1
0 0
0 0
0 0
0 0
0 0
0 1
0 0
0 0
1 3
4 9
0 0
0 0
0 1
0 0
0 2
3 6
0 0
0 4
0 3
7 17
0 0
0 0
3 7
3 6
8 22
1 4
1 3
0 1
0 0
0 2
0 0
0 0
6 23
8 16
0 0
1 2
0 0
6 14
1 1
0 1
2 5
3 7
0 0
0 0
0 0
0 0
0 0
0 1
2 9
2 6
0 0
1 2
1 2
6 10
0 0
0 0
