0 4
0 0
0 1
11 18
14 24
0 1
3 4
0 1
0 0
0 0
3 6
6 18
0 0
0 0
18 35
7 13
2 3
0 0
0 0
2 4
0 0
10 22
0 0
2 9
1 8
2 5
3 6
1 2
3 6
2 5
4 10
2 6
0 0
3 4
1 2
2 3
2 5
17 30
9 14
0 0
0 0
1 2
0 1
3 4
0 0
1 6
0 0
0 1
0 1
5 12
0 0
0 0
2 5
0 1
0 0
0 2
0 0
12 30
1 1
0 0
0 2
1 1
0 0
0 0
3 7
2 4
2 8
6 16
1 3
10 19
0 0
0 1
0 2
5 10
1 3
2 8
6 11
4 5
4 10
0 0
0 0
2 2
0 1
0 1
0 1
0 0
3 3
3 8
0 1
0 0
0 0
0 2
0 0
0 0
4 9
2 5
0 0
0 0
7 15
0 0
1 2
0 0
1 1
0 1
0 0
0 0
2 5
1 1
4 8
4 10
0 0
19 46
0 0
0 3
15 29
0 0
1 2
0 0
2 7
2 6
0 0
18 33
2 3
4 5
0 0
0 0
1 1
0 3
0 4
0 0
0 0
13 26
1 6
1 2
0 0
2 4
23 47
0 2
0 1
0 0
0 0
3 6
0 0
0 0
0 0
0 0
0 1
0 1
3 12
0 0
1 4
6 17
0 0
1 4
0 0
0 0
4 10
2 4
5 14
0 5
4 9
8 13
0 0
0 1
4 9
0 0
0 1
0 1
1 7
0 1
5 6
2 11
4 7
0 2
1 4
1 2
0 2
0 2
0 7
1 3
2 7
0 0
3 5
0 3
1 2
3 9
1 2
0 0
0 0
7 20
1 3
0 0
3 8
8 18
0 0
0 1
0 0
0 0
0 0
0 0
8 18
0 0
0 1
7 14
2 7
0 1
2 3
0 1
0 3
0 5
1 1
5 8
4 8
6 12
1 4
1 4
0 0
0 0
5 8
0 0
3 7
0 0
1 7
0 1
0 0
9 22
8 19
0 0
0 1
0 1
4 5
1 2
1 4
0 0
1 1
10 30
0 0
0 0
0 1
3 7
0 0
2 5
1 2
1 3
8 19
0 0
0 0
0 0
4 11
0 1
0 0
1 4
0 0
0 3
0 2
0 4
0 0
0 0
3 6
1 3
0 3
0 0
0 0
0 3
8 22
2 5
0 0
0 1
0 0
0 0
3 7
0 0
0 0
12 33
0 0
0 1
10 22
1 1
0 0
4 10
0 1
0 1
2 7
0 3
0 1
0 0
0 1
0 2
0 0
0 1
0 0
1 3
0 1
0 0
1 3
0 0
0 1
0 0
0 1
2 4
0 0
3 6
1 1
0 0
6 12
1 5
2 6
0 1
0 2
0 1
1 2
0 0
0 0
3 6
0 1
0 0
1 2
0 0
0 0
18 31
1 1
5 9
0 2
3 8
3 14
0 0
0 1
1 3
5 6
0 0
4 6
2 7
7 13
0 0
16 33
16 28
6 9
1 2
0 1
0 2
0 0
1 2
1 2
1 2
0 3
2 3
0 0
1 5
0 1
0 0
0 2
0 1
0 3
1 1
3 5
0 0
0 0
0 1
0 0
2 2
2 4
0 0
2 3
0 0
2 3
0 0
4 6
0 0
1 2
7 13
3 4
2 5
0 0
0 0
1 4
0 1
0 1
0 5
2 2
0 0
0 0
3 10
1 5
6 18
13 25
0 0
2 5
1 4
1 5
3 8
0 0
12 24
1 3
1 2
0 0
0 3
0 0
4 6
0 0
0 1
0 1
4 6
0 0
0 0
0 2
0 0
2 9
11 25
2 7
2 11
1 9
1 9
0 0
0 0
0 1
0 2
5 12
0 0
0 0
5 7
3 6
4 8
0 0
0 0
0 1
0 0
0 0
1 7
2 4
0 0
0 0
0 1
0 0
5 9
0 0
0 0
0 0
0 2
17 41
1 4
7 10
0 0
2 5
0 0
1 1
0 0
0 0
0 0
0 0
0 0
0 1
1 4
0 0
3 11
5 14
1 2
0 0
0 3
3 8
0 1
4 9
0 2
2 7
1 2
23 46
0 0
0 1
0 5
7 10
1 4
0 0
1 2
0 1
0 0
1 3
0 0
0 0
6 31
3 6
0 4
0 2
0 0
4 18
2 2
1 3
13 36
5 12
1 3
1 3
0 0
0 0
0 0
0 0
2 9
0 6
0 0
1 2
0 5
7 14
0 1
0 0
