0 1
0 0
0 0
15 28
16 30
0 1
3 4
0 1
4 7
0 0
4 12
7 19
0 0
0 1
3 7
5 12
0 2
0 2
0 0
0 6
1 1
3 8
0 0
3 19
1 3
4 9
3 6
0 1
3 3
0 0
6 17
1 6
0 0
0 1
1 4
1 5
4 10
23 44
4 9
0 0
0 0
0 3
0 0
0 1
0 0
2 7
1 1
0 0
0 0
4 7
0 0
0 0
2 5
0 1
0 1
1 4
0 0
18 29
2 2
0 1
0 1
0 0
0 0
0 1
2 5
0 4
16 26
7 16
0 0
19 36
0 0
0 2
0 0
2 5
1 5
3 9
3 6
3 5
0 2
0 0
0 0
1 5
0 0
0 0
1 1
0 0
3 8
6 18
2 3
0 0
2 3
1 2
0 0
0 1
0 3
0 0
0 0
0 0
5 10
0 0
4 7
0 0
1 1
0 0
1 2
0 0
1 5
0 0
9 17
4 8
0 0
3 14
0 0
1 2
13 26
0 0
3 6
0 0
3 14
3 7
0 0
7 17
1 1
4 8
0 0
0 1
1 2
1 2
0 0
0 0
0 0
9 16
1 6
1 2
0 0
2 5
24 39
1 1
0 0
0 0
0 0
0 4
0 0
0 0
0 0
0 0
0 0
0 2
5 12
0 0
6 11
8 18
1 2
0 5
0 0
1 4
1 5
2 5
9 14
1 1
6 12
9 16
0 1
1 2
2 4
0 0
0 0
1 4
3 8
0 0
7 15
10 21
1 1
1 7
2 6
0 0
1 2
0 0
0 4
0 0
5 12
0 0
2 5
0 0
0 0
4 11
2 4
0 0
0 0
1 3
2 5
0 0
6 10
7 15
0 0
1 3
0 0
0 0
1 1
1 4
14 26
0 0
0 0
15 23
5 12
0 0
0 0
1 2
2 4
3 8
1 3
8 13
6 9
5 11
0 1
0 2
0 1
1 1
1 5
0 0
3 6
0 0
5 12
0 0
0 0
24 50
4 11
0 0
0 1
0 1
2 5
1 1
1 5
0 0
0 0
5 18
0 0
0 0
3 5
3 4
1 1
1 3
0 0
1 1
21 30
0 0
2 3
0 0
0 1
0 0
0 0
4 11
0 0
0 2
0 1
3 7
0 1
0 0
0 2
0 1
1 2
0 0
0 0
2 9
14 24
2 4
0 0
0 0
0 0
0 0
0 0
0 1
1 1
7 22
0 0
0 1
4 7
1 2
0 0
0 2
0 0
0 1
5 12
1 4
0 2
0 0
0 0
6 8
0 0
0 0
0 1
0 0
0 2
0 0
1 3
0 0
1 1
0 0
0 2
3 7
0 1
6 17
1 2
0 0
7 15
0 1
1 4
0 0
0 0
0 0
0 2
0 0
1 1
0 0
2 3
1 1
1 2
0 0
1 3
16 36
1 1
5 9
0 0
5 12
8 16
0 0
0 6
0 1
1 3
0 0
0 1
6 9
2 10
0 0
15 30
11 29
2 4
2 2
0 1
2 5
0 0
0 2
0 1
0 0
1 3
2 6
0 1
4 7
3 4
0 0
1 2
0 1
1 1
0 1
3 4
0 0
0 0
0 0
0 0
2 12
0 2
0 0
0 0
0 0
1 7
0 0
12 21
0 0
0 0
24 42
1 1
3 10
0 0
0 0
0 5
1 1
0 0
1 1
0 2
0 0
0 0
4 7
4 9
6 11
1 5
0 0
2 9
2 4
0 0
3 13
0 0
13 32
3 7
6 16
2 2
0 0
0 0
3 6
0 0
2 3
1 1
1 3
0 0
0 3
0 1
3 3
4 8
15 37
4 13
1 4
11 26
3 7
0 0
0 0
0 1
1 4
8 18
0 1
0 0
7 20
3 6
7 21
1 1
0 0
3 4
0 0
0 0
5 7
1 7
0 0
0 2
0 1
0 0
1 4
0 0
0 0
0 0
0 1
6 15
1 10
2 5
0 0
6 9
0 0
1 2
0 0
0 0
0 0
0 0
0 0
1 1
0 0
0 0
1 1
6 17
0 0
0 0
2 5
2 2
5 8
14 33
0 0
1 3
1 1
12 31
0 1
0 0
4 13
3 9
10 17
5 6
2 3
1 3
0 0
0 0
0 0
0 0
10 21
6 16
0 1
2 4
0 0
8 23
0 1
3 6
10 24
7 18
2 3
0 1
2 5
0 0
0 0
0 0
4 12
1 6
0 0
2 3
0 1
6 18
1 1
1 1
