1 2
1 1
0 1
5 18
6 11
0 0
1 4
0 0
0 0
0 0
4 6
5 11
0 0
0 0
17 55
6 10
0 1
1 1
0 0
0 3
0 3
1 6
0 0
0 4
1 2
2 6
0 0
3 6
1 1
0 2
2 9
3 5
0 1
2 5
2 2
0 3
2 6
17 32
7 16
0 0
0 0
0 1
0 0
1 5
0 0
2 4
0 0
0 0
0 3
4 10
0 0
0 0
7 13
1 1
0 0
1 2
0 0
15 28
1 2
0 0
3 4
1 1
0 1
0 0
2 3
0 4
6 18
9 19
2 3
7 10
0 0
0 0
0 2
5 8
0 2
0 1
3 6
2 4
9 29
0 0
0 0
2 5
1 4
0 1
0 1
0 0
0 2
0 2
0 1
1 3
1 2
0 2
0 0
0 2
1 3
3 8
0 0
0 1
10 18
0 0
4 11
0 2
1 3
0 2
2 3
1 1
1 4
0 1
5 10
8 14
0 0
8 18
0 0
0 0
6 17
0 0
1 3
0 0
1 5
0 2
0 0
4 11
0 1
3 11
0 0
0 3
0 0
6 12
0 2
0 0
0 0
22 40
1 10
1 4
1 1
1 5
12 22
1 1
1 3
0 0
0 0
2 5
0 0
0 0
0 0
1 1
1 2
0 0
2 4
0 0
2 2
2 7
0 0
1 6
0 0
0 1
4 6
4 6
6 14
0 1
7 18
7 18
0 0
2 3
4 8
0 0
0 0
1 1
5 12
0 2
1 5
11 32
0 3
0 2
0 3
2 3
4 6
2 2
3 5
1 2
1 7
0 0
4 8
0 0
2 4
4 10
0 0
0 0
0 0
3 5
1 2
0 0
1 3
6 12
0 0
2 5
0 0
0 0
1 1
1 1
8 13
0 0
0 0
2 8
2 5
2 5
1 1
1 1
1 3
2 6
3 10
0 4
4 10
6 18
0 1
1 1
0 0
0 1
5 10
1 1
6 12
0 1
4 5
0 2
0 0
16 36
15 24
0 0
0 0
0 0
0 5
0 3
2 7
0 0
0 0
10 26
0 0
0 0
1 2
1 6
1 3
4 5
0 0
0 0
14 28
0 0
1 2
0 1
5 8
0 0
0 0
1 5
0 2
1 2
0 3
3 5
0 1
0 0
0 1
0 2
4 10
0 0
0 0
4 13
3 7
2 5
0 0
0 0
0 0
0 0
2 3
0 0
0 0
17 35
0 0
0 1
4 17
0 0
1 2
4 8
0 0
0 0
6 10
0 2
0 0
0 0
0 0
2 3
0 0
1 4
0 0
2 4
0 2
0 0
2 3
0 1
0 0
0 0
1 3
0 1
0 2
10 19
0 0
0 0
1 5
3 8
1 1
0 0
0 1
0 0
3 9
1 2
0 1
0 3
0 1
0 2
0 2
0 0
0 1
12 35
0 0
1 3
3 7
3 7
6 14
0 0
0 0
0 0
0 1
0 0
1 1
6 8
9 15
0 0
6 22
5 15
1 2
1 2
0 0
3 4
1 1
1 2
2 2
0 0
0 1
4 6
0 1
0 3
0 0
0 1
0 2
0 0
1 7
0 1
2 5
0 3
0 2
0 2
1 1
0 3
1 2
0 0
2 4
0 0
4 10
0 0
2 8
0 0
3 4
20 49
2 2
7 20
0 0
0 0
0 5
1 2
0 0
2 5
0 2
0 0
0 0
2 7
1 4
9 18
4 11
0 0
4 10
1 7
1 1
4 8
0 0
23 49
0 5
3 8
0 1
1 5
0 0
2 3
0 0
2 3
0 3
0 3
0 0
0 1
0 1
0 2
3 6
11 20
5 8
3 5
8 15
2 12
0 0
0 0
1 2
1 1
13 23
1 2
0 0
4 16
0 1
2 7
0 0
0 4
0 1
0 0
0 0
5 8
4 9
1 1
0 0
0 1
0 0
3 9
0 1
0 0
0 0
0 1
12 31
1 1
2 8
0 0
2 4
0 0
0 1
0 0
1 3
0 0
0 0
0 0
0 1
1 2
0 0
0 0
2 2
1 2
0 0
3 4
1 2
4 9
4 10
0 0
1 4
0 0
19 40
1 1
0 0
2 6
1 7
0 4
0 3
0 5
1 4
0 1
0 0
0 1
0 1
9 23
7 10
3 3
3 6
0 0
4 11
0 2
1 3
3 10
4 9
1 2
0 0
1 1
1 1
0 0
0 0
5 9
6 14
1 1
0 4
1 1
0 7
0 0
0 0
