0 1
0 0
0 0
3 12
15 27
0 0
4 5
1 3
0 3
0 0
2 2
3 10
0 0
0 0
6 13
0 3
0 1
0 1
0 0
2 4
0 0
1 3
0 0
4 8
0 0
2 4
4 8
1 1
1 4
0 1
4 12
2 4
0 0
3 5
0 1
2 3
2 5
7 17
5 9
0 0
0 0
0 1
0 0
1 1
0 0
2 2
0 0
0 1
0 0
1 5
0 0
0 1
0 1
0 0
0 0
2 2
0 0
6 13
0 2
0 0
0 1
0 1
0 0
0 0
0 1
0 1
5 14
3 8
0 0
11 20
0 0
1 1
0 1
3 5
0 0
2 5
0 5
0 0
0 2
0 0
0 0
0 2
0 0
0 0
0 0
0 0
1 2
1 1
0 1
0 2
0 0
0 0
0 0
0 0
0 1
0 1
0 0
0 0
3 6
0 0
2 6
0 0
0 0
0 0
1 1
0 1
1 3
0 1
4 12
9 20
0 0
6 21
0 0
1 3
6 11
0 0
1 1
0 0
0 3
0 1
0 0
7 16
0 1
1 2
1 1
0 0
0 0
3 5
0 3
0 0
0 0
5 8
3 10
1 2
1 1
0 1
12 19
0 2
0 1
0 0
1 1
1 1
0 0
0 0
0 0
0 0
0 0
0 2
3 6
0 0
1 4
4 15
0 0
2 6
0 0
0 0
0 6
0 0
2 6
1 2
2 7
6 12
0 0
0 2
1 5
0 1
0 2
0 2
0 3
0 2
7 11
4 17
1 5
0 1
0 2
0 0
0 2
0 0
0 2
0 0
3 5
0 0
1 3
0 0
0 0
4 6
1 2
0 0
0 0
1 3
0 1
0 0
2 3
13 21
0 0
0 1
0 0
0 0
0 0
0 1
7 15
0 0
0 0
4 11
3 4
3 3
0 0
0 1
2 2
0 3
1 2
1 2
2 7
1 2
0 1
0 0
1 1
0 1
1 2
0 0
4 6
0 0
2 4
0 1
0 1
11 21
6 10
0 0
0 0
0 0
2 6
1 1
2 3
0 0
0 0
5 14
0 0
0 0
0 0
0 2
0 0
1 2
0 0
0 1
0 3
0 0
1 1
0 0
0 0
0 0
0 1
2 2
0 0
1 2
0 0
0 5
0 1
0 0
0 2
0 0
1 1
0 0
0 0
2 3
8 15
1 2
0 0
0 0
0 0
0 0
0 0
0 0
0 0
6 11
0 0
0 0
9 19
0 0
0 0
1 1
0 0
0 0
4 10
0 1
0 0
0 0
0 0
2 3
0 0
0 0
0 0
0 1
0 0
0 0
2 6
1 1
0 0
0 0
0 0
2 4
0 1
3 10
0 1
0 0
7 10
1 1
0 1
1 1
1 1
0 0
1 1
0 0
0 0
0 0
0 3
0 0
0 0
0 0
1 2
4 6
0 0
6 12
0 1
5 10
3 18
0 0
3 3
1 1
0 3
0 0
0 0
2 8
3 4
0 0
8 16
9 23
0 4
0 0
0 0
0 0
0 1
1 2
0 1
0 0
0 0
1 2
0 0
5 6
0 0
0 0
1 1
0 1
1 2
0 1
0 2
0 0
0 0
0 0
0 0
1 4
1 3
0 0
1 4
0 0
1 2
0 0
6 9
0 0
0 0
5 8
0 0
1 6
0 0
0 0
2 5
0 0
0 0
0 4
0 0
0 0
0 0
0 0
2 6
6 9
0 5
0 0
3 3
0 0
1 4
2 3
0 0
10 18
1 2
3 6
0 1
0 0
0 0
5 9
0 0
0 0
0 1
1 4
0 0
0 1
0 0
0 1
6 11
10 19
2 4
2 5
6 13
0 3
0 0
1 1
0 1
0 0
3 7
0 0
0 0
0 4
1 2
6 14
0 0
0 0
0 1
0 0
0 0
2 3
2 7
0 0
0 0
0 0
0 0
1 2
0 2
0 1
0 0
0 0
5 12
0 5
1 4
0 1
1 3
0 0
0 0
0 0
1 2
0 0
0 0
0 0
0 0
1 1
0 0
1 2
2 11
0 1
0 0
0 0
0 1
1 2
3 12
0 0
1 4
0 0
12 26
0 2
1 1
2 8
1 3
1 11
2 5
2 4
0 1
0 0
0 1
0 0
0 0
10 21
4 14
0 0
0 0
0 0
7 15
0 0
2 3
4 15
2 8
0 0
0 0
0 0
0 0
0 0
1 1
2 4
0 5
0 0
0 1
0 0
1 4
0 0
0 1
