63 94
0 3
79 121
110 136
20 32
0 0
33 61
7 15
63 84
3 3
33 56
221 281
0 1
17 23
16 30
34 63
44 65
3 6
0 0
9 27
19 26
121 171
4 6
51 92
69 106
73 129
37 62
16 22
19 36
67 108
103 186
45 80
0 1
24 35
40 70
22 33
65 106
80 131
72 125
4 8
27 38
5 8
15 34
17 32
2 3
40 59
16 17
63 97
22 29
34 55
0 2
6 7
37 73
4 6
1 1
1 1
2 7
61 91
81 126
0 0
10 12
14 25
0 1
0 0
59 81
59 86
93 196
40 76
50 72
96 132
6 7
26 43
6 9
33 46
38 42
15 27
18 33
12 32
64 93
7 7
1 1
30 51
7 10
2 4
148 230
1 1
2 2
40 59
14 26
17 28
54 83
4 11
4 7
5 5
70 106
41 65
0 0
7 12
110 159
0 0
21 39
22 36
1 4
33 75
19 35
8 12
14 20
37 60
15 30
68 108
0 0
86 112
17 39
21 39
56 99
0 0
45 85
0 0
86 138
19 25
4 7
91 145
54 93
24 35
1 2
25 46
22 34
32 53
135 260
0 0
0 0
47 64
77 150
9 11
7 8
13 21
76 115
23 39
9 14
0 0
7 9
48 71
3 4
0 0
9 18
1 2
24 33
2 5
10 16
0 0
26 44
94 134
1 1
20 30
0 2
40 55
8 18
3 6
39 74
6 10
22 42
45 70
8 13
18 33
86 137
2 2
156 220
9 28
36 55
63 90
11 31
89 144
14 22
31 57
28 53
19 26
41 58
11 17
26 41
2 6
37 58
0 0
23 31
2 2
8 15
41 66
49 79
0 2
0 0
119 155
37 55
0 0
39 61
77 115
4 9
37 56
26 42
0 0
31 48
3 9
69 115
16 30
32 53
40 60
21 35
24 34
10 21
0 1
34 77
75 107
36 58
67 91
9 18
28 49
53 83
25 41
53 87
1 4
25 43
0 0
37 56
2 9
64 91
13 19
27 36
57 78
58 90
0 0
9 18
0 0
63 98
17 24
31 46
0 0
4 6
146 197
3 4
0 0
0 1
28 38
38 51
90 152
9 20
3 7
109 155
3 7
6 13
4 6
20 40
49 76
87 108
30 38
3 6
24 41
119 189
19 27
7 13
4 11
15 26
14 19
15 25
1 2
3 5
62 94
124 189
18 33
0 0
32 46
0 0
1 2
9 11
4 8
30 37
68 91
0 0
19 37
93 154
7 13
27 37
42 58
46 68
2 4
44 72
27 51
12 16
0 0
6 9
15 38
0 4
30 47
1 1
18 29
39 50
0 0
25 44
13 19
1 4
9 20
5 6
1 3
6 10
39 64
4 10
0 0
14 27
32 60
13 28
11 16
92 140
4 6
36 61
2 4
6 8
17 40
11 17
0 1
20 32
0 1
10 14
56 84
0 0
31 55
51 68
31 59
64 118
4 6
13 32
9 20
66 111
3 4
8 10
43 61
11 23
8 12
64 102
53 74
22 34
17 25
17 22
33 49
2 4
16 33
9 15
4 6
38 54
12 22
0 0
45 65
34 63
61 100
5 8
25 38
13 19
21 30
5 10
27 47
7 11
47 83
3 7
30 48
38 48
1 5
44 81
6 7
77 130
0 0
55 85
0 0
2 4
20 33
15 31
82 145
19 34
0 0
98 130
62 88
1 2
7 11
6 7
0 0
0 0
40 55
17 25
63 89
51 71
23 36
68 113
8 27
19 28
11 18
1 1
76 134
46 72
2 3
3 6
75 115
3 5
24 37
0 0
20 30
20 27
5 8
99 148
10 24
47 77
8 17
28 61
20 29
61 107
24 48
25 42
164 237
0 3
8 16
20 34
18 24
63 111
3 3
0 0
73 117
10 21
99 164
4 6
109 168
10 21
0 0
0 0
14 38
17 36
3 7
1 2
1 5
1 4
17 29
49 87
15 15
18 26
76 105
68 108
10 22
26 42
5 6
51 63
1 1
1 1
0 0
48 85
2 3
15 24
0 0
39 57
21 31
26 40
41 55
22 41
15 28
0 0
66 96
77 118
3 9
55 112
65 98
12 22
18 31
60 90
4 8
16 17
20 34
37 74
68 119
20 39
15 18
54 102
4 11
1 4
1 1
1 2
50 76
43 84
12 20
39 56
0 0
79 122
14 27
36 54
35 56
36 58
51 66
232 353
1 4
15 21
0 0
0 0
62 83
94 114
4 5
65 103
88 124
66 113
53 85
83 115
