0 0
0 0
0 0
0 0
3 5
0 0
3 12
3 12
0 0
1 1
8 20
0 1
0 0
1 1
6 19
3 7
13 27
1 2
0 0
1 8
4 13
0 0
0 0
1 3
2 8
4 12
7 14
1 1
8 15
6 16
8 28
4 6
0 2
8 22
0 5
3 10
3 19
5 10
14 28
0 0
1 2
7 13
6 10
4 11
0 0
1 1
0 1
0 1
2 3
4 11
0 1
3 8
25 60
0 0
0 0
0 2
2 4
1 2
7 13
0 0
3 7
0 1
0 1
0 0
15 42
6 15
3 9
2 6
2 13
1 7
0 0
8 20
1 3
4 9
0 0
6 15
2 12
5 10
1 5
0 0
0 0
12 25
6 10
0 1
0 0
0 0
1 3
0 0
0 1
8 15
0 1
0 0
0 1
4 15
3 12
4 14
0 0
3 5
3 13
0 0
7 23
5 16
0 1
2 6
4 13
0 3
10 21
1 6
8 12
5 10
0 0
4 5
0 0
2 4
2 6
0 0
6 17
0 0
2 4
4 7
1 1
0 0
5 15
2 7
0 0
2 9
2 6
2 3
0 0
0 0
0 0
4 5
3 15
0 2
0 2
7 14
1 1
2 7
0 0
0 0
0 0
0 0
0 0
0 0
0 0
0 0
10 28
1 2
8 18
0 1
2 3
3 6
0 0
0 0
0 1
0 0
1 3
6 18
5 8
4 6
5 17
15 21
0 0
0 1
2 8
0 2
0 0
1 4
2 5
2 6
5 11
10 21
17 37
1 1
4 11
4 7
12 29
1 4
2 3
1 5
2 7
0 0
7 16
0 1
3 5
9 28
3 5
2 3
0 0
0 0
9 15
0 0
18 39
7 12
0 0
8 21
0 0
0 0
0 0
1 5
9 13
2 8
0 2
4 8
5 13
2 7
7 13
0 1
5 10
3 14
17 36
0 1
2 12
0 4
2 8
5 19
0 0
0 0
9 20
1 1
4 15
0 0
1 4
10 24
6 16
3 12
2 7
0 0
0 7
1 2
6 18
1 2
2 7
0 0
1 2
3 7
0 1
0 0
2 9
18 33
2 13
3 7
6 10
5 8
0 3
0 0
1 3
0 0
2 8
7 27
0 0
4 10
0 1
0 1
0 0
9 18
5 7
1 4
10 17
0 2
3 8
0 0
0 1
7 24
5 16
3 4
0 0
0 4
0 0
0 0
11 22
0 0
0 2
6 11
0 0
1 2
0 5
3 3
0 0
10 26
0 2
0 0
2 6
10 22
1 1
0 0
0 1
2 2
0 0
4 11
0 0
0 0
5 10
0 0
3 7
1 4
1 1
0 1
1 2
0 3
3 9
0 2
1 2
0 0
6 14
3 6
4 12
0 1
2 6
1 3
0 0
0 2
1 1
3 4
3 8
1 3
3 7
0 0
0 0
7 13
1 1
7 15
4 8
3 5
2 9
0 3
2 5
1 2
1 2
1 1
9 16
3 12
8 12
6 14
5 11
5 12
6 14
4 12
0 1
2 5
3 6
2 7
3 13
3 6
0 0
2 5
0 0
3 8
0 0
6 19
2 3
12 27
7 22
0 0
1 2
1 9
0 0
7 19
1 7
1 4
5 10
1 5
6 21
0 0
12 34
0 0
2 6
0 0
3 6
2 5
0 1
4 18
0 2
0 0
0 1
0 0
0 0
1 4
1 2
0 0
0 0
7 13
3 7
5 14
3 5
0 0
11 21
2 6
5 9
3 7
0 0
9 19
4 19
7 19
0 1
2 4
0 0
1 10
0 0
2 8
8 25
3 7
0 0
7 9
0 0
1 2
0 2
1 7
10 22
5 10
0 0
1 3
0 0
0 0
1 2
4 7
0 3
1 5
0 0
0 1
5 14
4 9
0 0
1 2
3 7
0 2
0 0
2 4
1 3
2 5
0 0
3 8
0 0
0 2
0 0
4 8
0 4
5 11
2 11
2 3
9 22
0 0
3 9
0 0
0 0
0 0
0 0
2 2
0 5
0 0
2 6
2 7
3 8
2 4
7 20
9 28
0 0
3 15
2 3
4 11
5 12
0 0
6 12
1 8
0 1
1 2
0 1
0 0
3 12
2 3
1 1
0 0
2 7
2 9
0 0
0 1
0 0
3 6
8 17
1 3
0 0
0 0
7 16
3 8
6 6
4 9
6 12
0 0
0 0
3 7
5 10
0 0
0 0
1 1
4 5
0 0
2 7
0 1
2 4
0 1
0 0
